7
1
2
12 9 1 6 0 -1
10 11 1 2 0 3
tilted_haar_y3
-2.100840e-003 0 -1
7.927956e-001 -3.688273e-001 
1
2
25 10 1 3 0 -1
25 11 1 1 0 3
haar_y3
1.127681e-003 0 -1
-1.236601e-001 6.618080e-001 
1
2
14 5 6 3 0 -1
16 6 2 1 0 9
haar_point
2.862347e-004 0 -1
3.808410e-001 -7.063385e-001 
1
2
35 19 3 4 0 -1
36 19 1 4 0 3
haar_x3
2.106535e-004 0 -1
1.097201e-001 -3.488341e-001 
1
2
10 19 3 4 0 -1
11 19 1 4 0 3
haar_x3
3.819669e-004 0 -1
3.037266e-001 -9.154902e-001 
1
2
32 19 16 1 0 -1
36 19 8 1 0 2
haar_x4
-5.243163e-003 0 -1
5.275735e-001 -1.319243e-001 
1
2
0 19 16 1 0 -1
4 19 8 1 0 2
haar_x4
-2.278585e-003 0 -1
6.811522e-001 -4.220366e-001 
-2.521605e-001

13
-1
