6
1
2
14 10 2 4 0 -1
14 11 2 2 0 2
haar_y4
-2.330384e-003 0 -1
8.171589e-001 -3.303014e-001 
1
2
19 16 17 3 0 -1
19 17 17 1 0 3
haar_y3
-5.646359e-003 0 -1
7.874038e-001 -1.386475e-001 
1
2
5 13 2 6 0 -1
5 15 2 2 0 3
haar_y3
-5.936149e-004 0 -1
5.302508e-001 -5.566223e-001 
1
2
36 1 12 3 0 -1
39 1 6 3 0 2
haar_x4
-5.569292e-003 0 -1
3.945708e-001 -1.300582e-001 
1
2
14 13 13 6 0 -1
14 16 13 3 0 2
haar_y2
-8.147388e-003 0 -1
6.594535e-001 -4.611803e-001 
1
2
21 17 6 3 0 -1
23 18 2 1 0 9
haar_point
1.112379e-002 0 -1
-3.018325e-001 8.494011e-001 
-7.711821e-001

14
-1
