7
1
2
14 10 2 4 0 -1
14 11 2 2 0 2
haar_y4
-2.215085e-003 0 -1
7.442622e-001 -3.323575e-001 
1
2
31 3 6 5 0 -1
33 5 2 5 0 3
tilted_haar_y3
-4.669289e-003 0 -1
-1.969990e-001 2.338522e-001 
1
2
4 16 3 4 0 -1
3 17 3 2 0 2
tilted_haar_y4
-2.703869e-003 0 -1
7.337570e-001 -3.552751e-001 
1
3
8 1 40 6 0 -1
28 1 20 3 0 2
8 4 20 3 0 2
haar_x2_y2
-2.878612e-002 0 -1
3.671023e-001 -4.282796e-002 
1
2
20 2 2 2 0 -1
20 2 2 1 0 2
tilted_haar_y2
-1.039439e-005 0 -1
4.356123e-001 -7.107974e-001 
1
3
21 5 6 4 0 -1
24 5 3 2 0 2
21 7 3 2 0 2
haar_x2_y2
6.121629e-004 0 -1
4.065434e-001 -6.869812e-001 
1
3
7 2 18 14 0 -1
7 2 9 7 0 2
16 9 9 7 0 2
haar_x2_y2
7.113019e-003 0 -1
5.103867e-001 -6.141801e-001 
-6.994839e-001

12
-1
