6
1
3
0 1 46 18 0 -1
0 1 23 9 0 2
23 10 23 9 0 2
haar_x2_y2
-8.146696e-002 0 -1
-9.402985e-001 3.264249e-001 
1
2
30 4 4 16 0 -1
31 5 2 16 0 2
tilted_haar_y4
1.209745e-003 0 -1
-3.718826e-001 2.391031e-001 
1
2
18 4 16 4 0 -1
17 5 16 2 0 2
tilted_haar_y4
-1.632174e-003 0 -1
7.800021e-001 -4.299018e-001 
1
3
34 8 2 4 0 -1
35 8 1 2 0 2
34 10 1 2 0 2
haar_x2_y2
1.701830e-003 0 -1
-2.184494e-002 7.826251e-001 
1
3
12 8 2 4 0 -1
12 8 1 2 0 2
13 10 1 2 0 2
haar_x2_y2
6.894546e-004 0 -1
-4.466994e-001 8.152595e-001 
1
2
34 10 8 6 0 -1
34 10 4 6 0 2
tilted_haar_y2
-2.100049e-002 0 -1
-7.119650e-001 1.388175e-001 
-8.050863e-001

5
-1
