5
1
2
15 8 14 2 0 -1
15 9 14 1 0 2
haar_y2
3.778495e-004 0 -1
5.563139e-001 -5.023115e-001 
1
2
27 0 18 13 0 -1
33 0 6 13 0 3
haar_x3
2.859725e-002 0 -1
-1.735901e-001 5.100260e-001 
1
2
3 0 18 13 0 -1
9 0 6 13 0 3
haar_x3
1.246617e-002 0 -1
-4.286216e-001 6.292461e-001 
1
2
31 23 3 1 0 -1
32 23 1 1 0 3
haar_x3
7.519028e-005 0 -1
1.982737e-001 -5.599712e-001 
1
2
14 23 3 1 0 -1
15 23 1 1 0 3
haar_x3
-6.194371e-005 0 -1
-8.698474e-001 3.457054e-001 
-6.351728e-001

17
-1
