5
1
2
8 0 23 8 0 -1
8 2 23 4 0 2
haar_y4
4.136652e-002 0 -1
-2.621362e-001 9.999999e-001 
1
3
46 19 2 4 0 -1
47 19 1 2 0 2
46 21 1 2 0 2
haar_x2_y2
3.363356e-004 0 -1
1.664656e-001 -3.342399e-001 
1
2
0 22 24 1 0 -1
8 22 8 1 0 3
haar_x3
-1.118057e-003 0 -1
4.345245e-001 -5.573348e-001 
1
2
25 4 3 8 0 -1
25 4 3 4 0 2
tilted_haar_x2
-1.427617e-002 0 -1
3.758201e-001 -2.262611e-001 
1
2
4 19 8 4 0 -1
4 21 8 2 0 2
haar_y2
-1.115963e-002 0 -1
9.640518e-001 -2.275992e-001 
-5.047845e-001

15
-1
