8
1
2
0 4 23 6 0 -1
0 6 23 2 0 3
haar_y3
-9.987941e-003 0 -1
5.869268e-001 -4.724151e-001 
1
2
12 13 24 4 0 -1
12 14 24 2 0 2
haar_y4
4.637059e-003 0 -1
-3.508283e-001 7.887525e-001 
1
2
21 11 2 8 0 -1
21 11 2 4 0 2
tilted_haar_y2
9.901585e-003 0 -1
3.791689e-001 -7.818071e-001 
1
2
31 11 4 3 0 -1
31 12 4 1 0 3
haar_y3
4.288358e-003 0 -1
-2.076548e-001 7.987581e-001 
1
2
5 10 2 1 0 -1
6 10 1 1 0 2
haar_x2
1.050698e-005 0 -1
-4.669536e-001 6.179929e-001 
1
3
30 2 8 4 0 -1
34 2 4 2 0 2
30 4 4 2 0 2
haar_x2_y2
7.261757e-003 0 -1
1.027213e-001 -5.861626e-001 
1
2
8 7 2 6 0 -1
8 9 2 2 0 3
haar_y3
-1.919533e-003 0 -1
8.774073e-001 -3.863624e-001 
1
2
36 2 3 9 0 -1
36 5 3 3 0 3
haar_y3
-2.597150e-003 0 -1
4.630891e-001 -1.932288e-001 
-1.040869e+000

7
-1
