5
1
2
21 9 3 3 0 -1
22 10 1 1 0 9
haar_point
-1.564843e-003 0 -1
8.387096e-001 -4.062504e-001 
1
3
29 13 4 2 0 -1
31 13 2 1 0 2
29 14 2 1 0 2
haar_x2_y2
3.513674e-004 0 -1
-2.358591e-001 5.768937e-001 
1
2
22 3 14 4 0 -1
22 3 14 2 0 2
tilted_haar_y2
-1.037190e-002 0 -1
-8.561925e-001 4.028024e-001 
1
2
35 12 9 2 0 -1
38 12 3 2 0 3
haar_x3
1.622223e-003 0 -1
-2.780225e-001 5.907203e-001 
1
2
23 12 1 12 0 -1
23 18 1 6 0 2
haar_y2
-3.291801e-004 0 -1
5.059437e-001 -7.972764e-001 
-6.964600e-002

9
-1
