6
1
3
13 11 8 2 0 -1
13 11 4 1 0 2
17 12 4 1 0 2
haar_x2_y2
-1.439293e-003 0 -1
8.264352e-001 -3.596748e-001 
1
2
14 15 24 9 0 -1
22 15 8 9 0 3
haar_x3
1.362801e-002 0 -1
-9.806044e-002 2.526482e-001 
1
2
16 0 9 20 0 -1
16 10 9 10 0 2
haar_y2
1.932927e-002 0 -1
-7.944329e-001 3.608122e-001 
1
2
47 9 1 12 0 -1
47 13 1 4 0 3
haar_y3
-7.122085e-003 0 -1
-8.604625e-001 -6.556816e-003 
1
2
0 9 1 12 0 -1
0 13 1 4 0 3
haar_y3
4.754511e-004 0 -1
3.539046e-001 -8.094693e-001 
1
2
25 5 4 4 0 -1
25 7 4 2 0 2
haar_y2
-5.687322e-004 0 -1
2.701283e-001 -1.610506e-001 
-6.428208e-001

11
-1
