5
1
3
5 13 36 4 0 -1
5 13 18 2 0 2
23 15 18 2 0 2
haar_x2_y2
1.062521e-002 0 -1
-4.167309e-001 8.068368e-001 
1
2
21 13 11 3 0 -1
21 14 11 1 0 3
haar_y3
-4.634119e-003 0 -1
9.429079e-001 -1.454792e-001 
1
2
14 13 3 4 0 -1
14 13 3 2 0 2
tilted_haar_y2
3.279096e-003 0 -1
-4.234205e-001 7.830099e-001 
1
2
24 11 4 6 0 -1
25 12 2 6 0 2
tilted_haar_y4
-1.095961e-003 0 -1
4.875831e-001 -1.861148e-001 
1
2
17 1 2 12 0 -1
17 7 2 6 0 2
haar_y2
1.438117e-003 0 -1
-8.142840e-001 4.778027e-001 
-6.939427e-001

4
-1
