8
1
2
11 5 6 10 0 -1
13 7 2 10 0 3
tilted_haar_x3
-5.340979e-003 0 -1
6.878750e-001 -3.500307e-001 
1
2
19 14 12 9 0 -1
19 17 12 3 0 3
haar_y3
-2.506982e-002 0 -1
-8.762638e-001 2.834008e-001 
1
2
16 17 1 3 0 -1
16 18 1 1 0 3
haar_y3
-9.370438e-004 0 -1
8.232023e-001 -3.337832e-001 
1
2
18 4 15 1 0 -1
23 4 5 1 0 3
haar_x3
-3.869587e-003 0 -1
4.855224e-001 -1.360650e-001 
1
2
3 4 30 6 0 -1
13 6 10 2 0 9
haar_point
-6.323744e-002 0 -1
6.910625e-001 -4.092627e-001 
1
2
42 1 4 19 0 -1
43 2 2 19 0 2
tilted_haar_y4
1.861288e-002 0 -1
-2.277960e-002 5.182418e-001 
1
2
6 1 18 4 0 -1
5 2 18 2 0 2
tilted_haar_y4
6.888516e-003 0 -1
3.288452e-001 -8.817829e-001 
1
3
30 13 4 2 0 -1
32 13 2 1 0 2
30 14 2 1 0 2
haar_x2_y2
-1.062688e-003 0 -1
7.029530e-001 -2.140703e-001 
-2.858008e-001

16
-1
