5
1
2
14 0 20 12 0 -1
14 3 20 6 0 2
haar_y4
5.396646e-003 0 -1
-3.483616e-001 9.509265e-001 
1
2
47 5 1 18 0 -1
47 11 1 6 0 3
haar_y3
7.687972e-003 0 -1
2.054932e-001 -4.410213e-001 
1
2
14 10 2 4 0 -1
14 11 2 2 0 2
haar_y4
-6.864482e-004 0 -1
6.058918e-001 -4.329692e-001 
1
2
12 19 24 4 0 -1
12 20 24 2 0 2
haar_y4
-3.198660e-003 0 -1
5.860223e-001 -5.292688e-001 
1
2
12 5 3 2 0 -1
12 5 3 1 0 2
tilted_haar_y2
-1.903751e-005 0 -1
5.094664e-001 -7.249999e-001 
-7.148153e-001

8
-1
