7
1
3
10 8 6 2 0 -1
10 8 3 1 0 2
13 9 3 1 0 2
haar_x2_y2
-7.440770e-004 0 -1
7.504798e-001 -3.473499e-001 
1
3
46 19 2 4 0 -1
47 19 1 2 0 2
46 21 1 2 0 2
haar_x2_y2
-2.461780e-003 0 -1
-1.000000e+000 7.294409e-002 
1
3
0 19 2 4 0 -1
0 19 1 2 0 2
1 21 1 2 0 2
haar_x2_y2
9.825439e-005 0 -1
2.596438e-001 -9.277180e-001 
1
2
24 10 3 3 0 -1
25 11 1 1 0 9
haar_point
-2.861376e-003 0 -1
4.806938e-001 -2.466058e-001 
1
3
9 4 8 6 0 -1
9 4 4 3 0 2
13 7 4 3 0 2
haar_x2_y2
2.555243e-003 0 -1
5.093420e-001 -5.993205e-001 
1
2
27 10 1 3 0 -1
27 11 1 1 0 3
haar_y3
-9.903769e-004 0 -1
5.026408e-001 -2.544764e-001 
1
2
9 3 5 6 0 -1
9 5 5 2 0 3
haar_y3
-3.667718e-003 0 -1
5.356801e-001 -5.457080e-001 
-9.037555e-001

18
-1
