7
1
2
2 1 11 3 0 -1
2 2 11 1 0 3
haar_y3
9.381325e-004 0 -1
-4.510837e-001 7.254492e-001 
1
2
21 13 20 4 0 -1
21 14 20 2 0 2
haar_y4
3.174931e-003 0 -1
-3.524213e-001 5.842272e-001 
1
3
6 2 34 2 0 -1
6 2 17 1 0 2
23 3 17 1 0 2
haar_x2_y2
-3.583323e-004 0 -1
-6.786785e-001 4.938579e-001 
1
2
30 4 12 18 0 -1
30 10 12 6 0 3
haar_y3
9.004694e-002 0 -1
-1.262826e-001 4.166406e-001 
1
2
1 10 46 1 0 -1
24 10 23 1 0 2
haar_x2
2.862083e-003 0 -1
5.248236e-001 -5.874176e-001 
1
2
33 0 9 6 0 -1
33 0 9 3 0 2
tilted_haar_x2
2.625687e-002 0 -1
3.157168e-002 -1.000001e+000 
1
2
4 13 3 3 0 -1
3 14 3 1 0 3
tilted_haar_y3
-4.987361e-004 0 -1
6.417703e-001 -5.388451e-001 
-6.542674e-001

10
-1
